1245188
819205
1245195
1146892
1310735
1376273
1277970
1245202
1212439
1376279
1114137
1310756
884783
1245231
589876
1245241
1441850
1179715
1441868
819277
1245261
426063
1310800
1114193
1441874
1278036
1409110
1310811
1146972
1474652
1278047
1310819
1310820
1310826
917618
1278076
1310853
1278085
1278089
1212558
1212560
1278099
1278101
1278106
1212574
1245344
1310890
1147053
1507504
1147058
1179834
1310906
1245373
1245379
1212611
622792
1245398
1376480
1278180
1081575
1147114
1245418
1245421
1376495
1245423
1212661
1212662
1474807
1376501
1212667
1212670
1278211
1310984
1376525
1278223
1278229
852247
1409305
1311004
1442084
1409317
1311018
1409332
1278263
1376569
1540410
1278270
1376576
1278273
1278275
1409351
1081680
1212755
1048923
1311070
1311071
1376609
1048929
1311073
1409383
1147240
1311097
1311098
1278332
1376638
1278335
1147266
1212803
1278339
1376645
1278338
1114513
1376661
1409429
1245590
1278360
1376671
1474977
1311142
1278387
1245621
1147322
1376704
1409476
1147335
1114569
786892
1016268
1147351
983521
983524
1442280
1376745
1311210
885246
1376767
1245699
1147396
1245700
1016324
1147401
1245708
1180173
950799
1311247
1147416
950810
1278500
1114668
1311284
1376821
1376822
1376828
1081918
1311294
1376847
1278544
1245776
918096
1180244
1180255
1311335
1278572
1311345
1114738
1114749
1114751
1245827
1475205
1409675
950925
1376913
1245846
1114777
1376927
1180326
1245864
492200
852652
1245874
1376951
1213114
1311425
1508041
1311434
1147596
1245901
1147598
1082063
1180364
1376977
1311445
1475296
1278690
1180390
787174
1376999
951015
1311463
1376998
951022
1245934
951029
1180406
1245944
1114873
951037
1278722
1278724
1311494
1213191
951048
1475337
1278728
918287
1114899
1311511
1180444
820002
1114919
1114922
1278764
1114926
1082159
1311537
1377080
1377082
1278780
1147710
1246015
1311550
1246021
1246030
1246033
1082195
1246037
1278808
1409881
1409883
1278821
1147750
1147757
1377139
1409909
1016695
1180538
1311616
1115009
1377163
1311631
1311632
1377172
1377174
1278884
1311653
1246123
1442749
1377217
1311685
1377226
1180620
1213395
1246163
1180629
1475542
1442776
1180634
1311708
1311713
1049574
1180648
1311730
1377267
1311738
1246211
1311749
1049607
1016848
1082386
1279000
1180702
1115168
1311778
1410083
984101
1377317
1082411
1311788
1410094
1311793
1377331
1016886
1475646
1016896
361537
361538
1246284
1311821
1279069
1311839
1311840
1410143
1311844
1377382
1311848
1508456
1311850
1475689
1377384
1377390
1311858
1541242
1279098
1410174
1279104
984195
1279112
1148040
1148046
1213585
918677
1311900
1442976
1082528
1279138
1475749
1279141
1246378
1311917
1311919
1311926
591042
1049795
1311938
1279174
1377484
1115359
1246431
1377505
1377510
1049832
1148137
1082604
1443061
1279223
1311993
1246458
1377535
1279231
1115395
984324
1279235
1148172
1213712
1279256
1279266
1148197
1410344
1246507
1213742
1213750
1246520
918844
1312060
1279294
1410372
1312072
1017162
1017163
1213773
1213778
1181011
1312086
1017174
1246553
1017177
1377634
1377635
1312100
1377647
558449
1148279
1475971
1246596
984451
1377668
1410440
1181068
1410449
1279379
1475987
1279382
1279386
1377691
1115549
1279401
1279402
1410475
1279407
1213871
984500
1115579
1279421
1115584
1148353
1443265
1148358
1410503
1279433
1213897
1246668
1476047
1148368
1213906
1344984
1213913
820699
1377758
1312225
1279458
1115623
1377771
1443313
1246707
1377784
1279482
1410559
1082900
1508884
1213975
1246745
1181212
1312285
1410590
1181214
1115680
1377825
1213988
1312297
1377835
1213997
1148464
1181237
1214013
1082942
1443394
788035
1148486
1115729
1574483
1181272
1377888
1115749
1246826
1279596
886385
1476213
1181302
1214074
1312378
1214077
1214082
1115780
1214092
1148558
1214096
1410707
1279642
1214107
1214109
1476257
1377955
1312421
1214118
1181355
1410731
1377965
1017521
1312434
1115830
1214138
755388
1443522
1181394
1279700
952022
853718
1246942
1083103
1378022
1509094
1148663
1148664
1083129
1246969
1509114
1148677
1279750
1279752
1312521
1378058
1148685
1246992
1017633
1148713
1247019
1279788
1115948
1279793
1247031
1214266
1148741
1247045
1148745
1279819
1279825
1181525
1148760
1443674
1279837
1214305
1378151
1083241
1181546
1214314
1181548
1181561
1247098
1312635
1181566
1279871
1279874
1312646
1116043
1148817
1312666
1214366
1247136
1279907
1279908
1476517
1083300
1279914
1279918
1247154
1083324
1378238
1443776
1312705
1247182
1116115
1279962
1247195
1116127
1476576
1214435
1148901
1116141
1116144
1247217
1378290
1279987
1214454
1214457
1247227
1181692
722941
1247231
1280003
1181701
1214469
1247239
1214474
1214478
1214484
1083412
1411096
1083417
1214489
1214488
1378336
1280033
1214499
1214502
1214504
1214506
1312810
1214508
1214509
1280046
1214511
1214516
1378356
1312822
1214521
1214523
1280060
1476668
1214527
1312836
1181765
952390
1312841
1214539
1214551
1214554
1214555
1312860
1378397
1214558
1312863
1214557
1443934
1280097
1312867
1312869
1312871
1214572
1247353
1181826
1247366
1378444
1280147
1181847
1247385
1214619
1214626
1181863
1378472
1411257
1444027
1214657
1247428
1083590
1312969
1312972
1312975
1312978
1214681
1312989
1149153
1214689
1280226
1181924
1247458
1214701
1313006
1280237
1214705
1247475
985333
1214713
821499
1280251
1313019
1280257
1247492
1181957
1313029
1181961
1083658
1247498
1280269
1280273
1378578
1378580
1280281
1280287
1411363
1116465
1247538
1116469
1214776
1378618
1116490
1280335
1247568
1214803
1214804
1313109
1280341
1247579
1280350
1182047
985439
1378654
1378658
1313130
1247597
1280367
1214832
1149314
1411460
1476997
1378693
1247625
887180
1280398
1051023
1280400
1313167
1280405
1477015
1214872
1214871
1214887
1280426
1116588
1313197
1280437
1444279
1280440
1214905
1313216
1313219
1411527
1378763
1280461
1018317
1280463
1280465
1378771
1280468
1083860
1083859
1280472
1313243
1280476
1411550
1280480
1280483
952813
1149424
1214960
1280498
1378803
1313270
1149433
1313274
1509883
985604
1214980
1444358
1280518
1411592
1182222
854544
1214995
1247764
1313303
1411608
1313306
1411613
1313311
1280544
1280547
1313316
395817
1247785
887341
1477168
1247793
1313330
1280563
1313337
1477178
1313342
1083971
1313348
1149512
1280589
1313364
1280599
1182297
1313370
1444447
526943
1280609
1215074
1247878
1378955
1280668
1084066
756397
985777
1477297
1182387
1313459
1215162
1411773
1215165
1280701
1051339
1116877
1215185
1280722
1084117
1379030
1247986
1051379
1247993
1215227
1280768
1379074
1477391
1379097
1051426
1379109
1248044
1477420
1248054
1116984
1084221
1084222
1280832
1149771
1084237
1215320
1444697
1411930
1051486
1149791
1117027
1313637
1215335
1018728
1248104
1182571
1280876
1280882
1182590
1215358
1346433
1379205
1346443
560016
1149842
1346452
854934
1379227
1313702
1117098
1280941
1182650
1379259
592831
1215428
1379268
1248196
1248209
1280979
1379284
1412057
1280990
1149920
1379299
1346532
1281001
1412074
1379318
1182712
1379323
1248252
1346564
1379339
1281052
1281061
1248298
1051690
855095
1117242
1412156
1281085
986175
1379400
1412178
592983
986201
1379420
1084514
1313900
1018988
1018990
1182828
1313910
1412215
1379453
1281150
1248390
1117321
1313935
1313938
1182867
1346706
1281173
1346709
1510551
1281179
1084572
1281184
1182881
1346722
1346720
1346726
1248426
1182893
1281197
1248437
1445046
1215676
1281214
1313990
1379526
1281230
1314001
1248465
1281245
1314017
1248482
1248484
1248485
1314023
1248487
1051891
986355
1051896
1379579
1379584
1379587
1543429
1379592
1314057
1314063
1182992
1248529
1281299
1314070
1183002
1379610
1051933
986402
1314087
1281332
1314110
1281343
1084736
1084740
1445193
1281356
1215834
1084765
1019232
1412449
1379688
1281386
1314156
953713
1281397
1314169
1019258
1248644
1183111
1445259
1084812
1281425
1314203
1281437
1150366
1215918
1281456
1084849
1281459
1019317
1248698
1445307
1084863
1150399
1150401
1215938
1084869
1281484
1150425
1183194
1248739
1248745
1314287
1248753
1543669
1117692
1281532
1052160
1379842
1183237
1379846
1248779
1019404
1314317
1150478
1019411
1314323
1248793
1248795
1019420
1248796
1314334
1445407
1281568
1379881
1379892
1248821
1314362
1314369
1379909
1412679
953928
1281615
1379922
1281623
1314391
1281626
1248861
1216103
1314414
1478255
1314416
1248884
1314420
1314423
1052280
1216121
1379962
1248893
1445503
1248899
1281671
1314446
1314448
1314450
1248915
1380003
1412772
1248936
855724
495278
1281711
1380020
1281717
1248951
1248954
1216191
1412800
1281729
1216195
1248965
1248971
1216211
1314515
1412823
1052381
1543903
1445601
1150693
626412
1281772
1249007
1085170
1249013
1183492
1150725
1216268
1314573
1314574
1380109
1314575
1412881
1314578
1314581
1314583
1314585
1249049
1314586
1380126
1281826
921384
1216299
1511227
1249086
1216322
1380170
1118028
1118031
1249103
1118033
1118035
1380181
1380185
921436
1281887
1380198
1281895
1380199
1281903
1052537
1216385
1249154
1052547
1183620
1281928
1281933
1380240
1281940
1249173
987032
1281945
1216411
1445794
1314725
1249190
1249194
1249199
1314735
823219
1019828
1052599
987065
1216443
1281979
790462
1249215
1249216
1314753
1216452
1281990
1281992
1249224
1445834
1314762
1249230
1281998
1183699
1019864
1413085
1314787
1183717
1380332
1282030
1118198
1249277
1216512
1282049
1282052
1380356
1085450
1314829
1282062
1380366
1118224
1183761
1413136
1413151
1019939
1314852
1314863
1019952
1216562
1445949
1249342
1118272
1314889
1544266
954445
1216590
1249358
1380431
1380430
1413204
1282138
1249374
1314912
856161
1413219
1380452
1249385
1151082
1151084
1216623
1216643
1085574
1380486
1249417
1544334
1249423
1249431
1216668
1249439
1249443
823464
1249454
1249456
1282225
1314994
1183923
1151156
1446076
1249469
823491
1413316
1315015
1380553
1249481
1315021
1380558
1282255
856273
1052886
1183970
1249508
1315057
1249532
1183999
1184006
1315079
1151244
1216784
1085718
1249560
1380634
1151262
1249569
1380643
1249572
1249574
1151276
1315117
1380654
1380662
1380663
1315128
1282362
1315130
1315135
1315138
1249605
987462
1315143
987464
1249608
1053008
1380690
1479003
1151323
1446239
1446241
1249635
1380709
1216872
1315177
1282411
1380717
1249645
1249646
987504
1282417
1118585
1315202
1282435
1053059
1085836
1282444
987536
1216925
1282461
1413535
1282465
1282471
1249705
1413548
954802
1151411
1249722
1151419
1413562
1151423
1020354
1315269
1151431
1151437
1216983
1282522
987612
1282524
1184222
1380834
1020386
1249765
1216997
1184233
1184243
1184246
1184247
791042
1249795
1413641
1446411
1151506
1249812
1217048
1249817
1217060
987684
987686
1184294
1282600
1249833
1479206
1315366
1315371
1479213
1315377
889395
1315381
1380919
1086011
1380924
1282622
1380935
1151560
1217099
1315403
1217101
1315415
1380956
1380960
1512034
1151591
627304
1544812
1479277
1249902
1217136
1118836
1380983
365177
1118841
1577595
1151612
1249923
1413764
1380997
1380998
1544839
1282696
1151629
1282702
1217167
1217171
1315480
1381017
1217185
1053348
1184420
1217191
1217192
1217193
1217197
1217198
1249971
1151671
1446584
1249981
1381055
1315522
1381067
1282770
1315540
1250007
1282786
1151721
1184495
1282801
1184498
922360
1315582
1217286
1282822
1217300
1282852
1512232
955179
1217328
824117
1250101
1250104
1217343
1053503
1217345
1381185
1282880
1250117
1053511
1184583
1381196
1217366
1381208
1119067
1446749
1184607
1381216
1217379
1413988
1413994
1381226
1315692
1282926
1119088
1381241
1315707
1217407
1250176
1315711
1217410
660355
1217412
1250180
1282948
1217409
1315720
889737
693134
1315726
1282960
1315728
1053588
1315733
1020822
758679
1086357
889752
1381276
1414051
1315751
1414056
1282984
1414059
1414068
1283001
1151936
1315779
1381316
1184714
1315787
1217484
1151949
1315793
1381330
1315794
1184728
1283032
1151963
889820
1119197
889821
1020896
1119203
1512423
1283068
1315844
1250310
1283080
1250312
1381388
922636
1152014
1283092
1381396
1020951
1283096
1086495
955424
1512487
1184813
1283120
1250357
1381436
1315905
1283138
1414220
1315922
1086548
1283166
1315939
1250405
1250407
1414250
1414251
1250411
1184875
1086576
1479794
1184889
726139
1283207
1414282
1283212
1315981
1283214
1381522
1184918
1315990
1283223
1315992
1217690
1283226
1381534
1086623
1381543
1381548
1250477
1217710
1381569
1283267
1250501
1381574
988359
1250503
955593
988361
1414345
1021130
988367
1053906
988373
1316057
1250523
922849
1053927
1316072
988393
1316071
1316077
1250550
1053947
1283323
1316098
890116
1086725
1086726
1250567
1316101
1086729
1381646
1250575
1381652
1217812
1381656
890138
1086747
1447195
1283363
1250602
1381674
1119544
1119546
1250620
1119550
1381697
1414466
1217876
1381717
988512
1250657
1316196
1414503
1316205
1152368
1414515
5492
1119605
1283446
1545589
1316216
1283462
1381768
1119625
1086867
1283479
1217948
1152442
1414586
1283522
1316292
1381839
1381840
1414609
1283541
1250784
1283553
1250786
1283555
1218025
1250793
1414635
1250797
1283565
1218032
1250800
1283571
1316345
1316348
857598
1381892
1316359
955916
1054221
1218068
1218070
1250840
1283609
1218075
1119774
1250846
1545763
1250852
1250867
1250870
857655
1414714
1218111
1250885
1283655
1283665
1185364
1185369
1283684
1283686
1185383
1152619
1087092
1283707
1513089
1316482
1316484
1480329
1382032
1218193
1119894
628374
956057
1382045
1218213
1250989
1283759
1283764
1283766
1283767
1250999
1382071
1185466
1251002
1152700
1251007
1513152
1382082
1382084
1218245
956103
1251016
1283784
1021643
1218254
1218257
1251026
1283793
1283796
1218265
1218267
1218270
1316575
1316580
1283816
1283819
1382132
1382135
1283833
1251067
1283839
1087231
1283845
1283846
1316617
1120019
1382163
1382166
1152798
1382175
1251122
1185591
1251147
1316687
1185618
1185621
1513303
1316698
1382238
1316704
1054561
1152865
1382241
1054560
1382256
1316726
1316734
1316740
1382282
1251224
1087388
1447836
1283998
858017
1284004
1316778
1185709
1251246
1316783
1316787
1185719
1251256
1284025
1152952
1185723
1087421
1251268
1316805
1218509
1316814
563152
1054673
1284050
1251284
1447901
1480671
1218528
727010
1251300
1316838
1447912
1316859
1251325
1251332
1382406
1153031
1316870
1251341
628750
923667
1284118
1316892
1218594
661539
1513509
1251366
1316904
1316907
1316909
1382447
1316912
1382449
1054770
1251378
1382459
1448002
1218631
1382472
1218637
1218646
1153110
1284187
792668
1382492
1284196
1087593
1316969
1218670
1382511
1120368
1251444
1218684
1120383
1218694
1284235
1382539
1284239
1251475
1284244
1251478
1185948
1284255
1382561
1513634
1415340
628922
1317054
1284292
1022149
1317063
1218764
1153230
1480912
1382612
1546464
1284325
1218789
1186023
1284329
1317113
1284350
1415424
1218817
1415425
1284358
1284363
1317132
1382672
1251601
1251616
1382688
956704
989474
1284387
1251621
1317159
858414
629040
1120562
1251636
956731
1251656
1087822
760147
825685
629078
1251676
1317213
1120607
1218913
1317218
1382758
1251687
1448310
1317250
1382788
1284485
1317256
1317258
1251724
1284497
1382804
1153428
1350040
1087898
1284506
1317276
792993
1415585
956842
1317292
1546681
1284539
1284543
1153475
1415619
1317318
1284567
989662
1251808
1186274
1317347
1317351
1284587
1382895
1219063
956921
1186312
1415693
858644
1317398
1317402
1317405
1284637
1317409
989730
1284646
1317414
1284653
1186350
1219119
1317424
1120821
1153594
1317434
1251900
1317442
1546823
1382984
1251918
1120846
1219158
1186391
1317464
1251930
1120863
1088096
1317474
1383018
1055338
1153644
1219185
1153650
1120887
1415800
1383031
1383032
1251968
1088128
1448576
1251973
1120903
1415816
1251976
1284746
1120911
1383057
1284762
826014
1284772
1284778
1317551
1284789
989880
1219257
1317561
1317560
1546942
1448641
1022659
1317572
1317573
1383113
1186509
1219279
1317583
1186515
1383124
989909
1317591
1055451
1383131
1022690
1186532
1383152
1317617
1317622
1088257
1383178
1284874
1383180
1153805
1317644
1317647
1219348
1383192
1448731
1383196
1317668
1153829
1383207
1383208
1186605
1383222
1252162
1022789
1252168
1514317
1284948
1383254
1252182
1186646
1219417
1514332
1383261
1317728
1252195
1022824
1547117
1219439
1383280
891761
1186672
1317745
1186671
1317749
1219444
1186679
957304
1153913
1317760
662402
1153923
1252230
957328
1383321
1088410
1383336
1022892
1285045
1219513
1219516
1219518
1383360
1219522
1219529
1252301
1219535
1252309
1317846
1252311
990169
1252315
1383389
1219552
1186785
1186784
1383395
1219556
1252328
1022952
1383402
1219560
1285100
1219566
1448943
1317874
1383410
1252342
1383415
1416183
1383417
1219576
1383422
1317887
1219584
1088514
1219588
1383429
1219590
1186820
1055753
1219595
957452
1219596
1154060
1383437
1317902
1252371
1219606
1317911
891933
1383458
1186850
1317928
1285160
1383470
1285168
1219638
1088570
1219644
1383488
1219650
1186885
1252428
1252432
1219668
1121373
1317981
1285217
1219685
1252455
1317992
1252457
1154154
1219694
1383535
1252470
1383543
1219704
1055867
1285247
1186945
1383555
1186947
1383557
1285252
1285257
826510
1285266
1023122
1285269
1285270
1219737
1219739
1252509
1219741
1449119
1252510
1154206
1154215
1285289
1154223
1383602
1383610
1514684
1318077
1252542
1219782
1252551
1285320
1187017
1285321
1252552
1416399
1318096
1318099
1219798
1318106
1252575
1285349
1383664
1416434
1187058
1285366
1252601
1252602
1285372
1285375
1154304
1252608
1252607
1318148
1219844
1154312
269579
1187084
1318156
1383695
1154319
1219859
1187092
1187093
1154330
1252635
1056030
1187107
1318181
1187125
1318198
1383735
1219897
1187131
1416510
1416513
1449288
1416522
1318218
1416523
1383760
1088851
1252691
1351013
1351016
1219951
1351026
1285495
1383799
1285522
1121686
1318295
1121694
1416609
1482148
1252772
1351076
1351079
1514923
1154478
1121711
1416632
1351104
1383879
1220044
1318349
826831
1318357
1318358
1187294
1187298
957926
1318376
794090
1351147
1187308
1351149
1252845
1252848
1252849
1351157
1252857
1318394
1318398
1383940
1285639
1383944
1252874
1416723
1318420
1285660
1121822
1252896
990754
1187364
1252903
1383978
1515052
957996
1318451
1220150
1383991
1318456
1220155
1220156
1384005
1285706
1252942
1416789
1252951
1187417
1318490
1285724
1285726
1285730
1089123
925293
1252980
1384055
1121914
1220219
1252990
892557
1384082
1220246
1285801
1056437
1056444
1220290
1089223
1154762
1285834
1515212
1318608
1285842
1285849
1122011
1416934
696047
1220336
1220337
1318639
1318649
1384196
1220358
1384198
1416973
1449744
1187604
859932
1089309
859935
958239
1187619
1384235
1318705
1384247
1449784
1318715
1285948
1285947
1548094
1449795
1220420
958283
1056590
958287
1384274
1285976
1220441
1482586
1285980
1417057
1417058
1187694
1286002
728949
1286006
1286008
1384313
1187718
1318790
1056648
1056652
1318796
1384336
1351582
1220515
1220521
1089450
1023915
1253292
1023922
1187762
1220534
1384377
1384380
1318848
1220549
1187786
1384408
991193
1220568
1220572
991197
1253347
1056746
1384431
1155058
1253365
1253371
1449982
1220618
1318922
1220621
1155089
991250
1155090
1351700
1351701
1155095
1220635
1384475
1220646
1351727
1155123
1122356
991287
1056841
1286218
1351779
1122418
1319029
1187958
1351803
991357
1187970
1384587
1286284
1482893
1286285
1286286
1253517
1319053
1319061
1187991
1319065
1286309
1155238
1253544
1155242
1286316
1351855
1417393
1220786
1024179
1253564
1417404
1253567
1286336
1220805
1155272
1089737
1384652
1450191
1515737
1548510
1286366
1188064
1286378
1057006
1253615
1384690
1351927
1351932
1286399
1319168
1089797
1122584
1286427
1351966
958752
1417512
1122605
1548592
1351991
1286458
1351995
1122618
1351996
926027
1253707
1384779
1089871
1319247
1352017
1122641
1253716
1384789
1384793
1450335
1352031
1417569
1253727
1384805
1352044
1286509
1352047
1352049
1548657
598387
991610
1286526
1286535
1384840
958855
1384841
1286541
1319313
1286547
1352086
1122715
1352093
1319328
1548705
1188258
1286567
1417641
1352111
1384881
1286580
1352121
1286585
1253822
1352129
1286594
1221058
1024452
1188301
1253839
1319375
1221071
1221074
1417683
893397
1221077
1090007
1384918
1352149
1352150
1352168
1221099
926188
1450477
1352173
1384945
1352178
1384948
1286651
1319419
1319421
1319432
1384969
991754
1122824
1319443
1155605
1384986
1319451
827931
1385000
1385002
1319469
1090097
1319477
1122872
1385016
1221191
762441
1286731
1024592
1319504
1253971
1483352
1188456
1122922
1155690
1286767
1188467
959098
1254015
1352320
893570
1254019
1385098
1385100
762509
1221263
1254037
893591
1155739
1352347
1057443
1385127
1319592
1286824
1319594
1221294
1385136
1385137
1385142
1221306
1385154
1385156
1221317
1254085
1385162
1254091
1090267
1221342
1319648
1319651
1155815
1352425
1123050
1155828
1352439
1286906
1352445
1221374
1155840
1352451
1221388
1286927
1385233
1450769
1090323
1319700
1221396
1221393
1352471
1319705
1221404
1221415
1286955
1286963
1352504
1286972
1286976
1221443
1221451
1123150
1155918
1319763
1286996
1254234
1221470
1418080
1254258
1352565
861047
1352568
1254267
1287035
1254274
1188741
1352582
1385361
762769
1385363
1450899
1287061
1319830
1385367
1287057
1385372
1319842
1254310
1188787
1319864
1188796
1319869
1450946
959429
1450950
1385413
1221581
1123278
1123282
598997
435160
1385440
1352675
730087
1254376
1188843
1319920
1287155
1188851
1188853
566268
402431
1090566
1352711
1156104
1156103
1319946
1385485
1319950
1319956
1385493
1156118
533535
1319967
1319968
1156130
1221673
1483818
1221677
1352750
1221678
1221680
1221682
1418292
1287220
1352757
1385524
1483837
1287244
1287248
1287250
1287254
926813
1156196
1025125
959596
1483885
1483886
1516655
1156208
1090668
959604
1352821
1156212
1516668
1320061
1451134
1254532
1320070
1254535
1221771
1254543
1418384
1549457
1483919
730256
1254547
1352858
1287324
1221789
1418396
1352864
1287329
1287331
1254564
1320103
1352878
1254581
1352894
1320129
1156292
533701
1254602
1352906
1254604
1385678
1057999
1025231
1320149
1156311
1287393
1058027
1287404
1058032
1254642
1451251
1156342
1352952
1254651
1254652
1254655
1385728
1352962
1385735
1320201
861451
1287435
1352973
926993
1385746
1352983
1189148
1025311
1352992
1025313
1385762
1287478
1090874
1353018
1189179
1320254
1156414
1254720
1353026
1254724
1451334
1353032
1320264
1221960
1287500
763215
1058128
1353040
1320276
1353044
1353045
1189208
1320284
1221981
1254752
1025377
1320300
1287534
1287535
1287537
1353076
1516921
1353082
1189244
992638
1353086
1287550
1320321
1320320
1385854
1353092
1287557
1320326
1320323
1254792
1320330
1320331
1320332
1123727
1254803
959892
1320345
1287580
1451428
1189286
1287592
1320363
1254830
1353135
1222064
1385906
1385910
1025463
1222072
1091003
1353150
1254850
1320386
1254853
1320389
1254858
1254864
1320404
1549787
1189339
1254877
1385950
1385951
1254885
1320423
1254888
1091051
1385965
1156593
1353206
1025527
1189370
1451515
1222140
1058303
1287687
1254929
1287706
1222174
1320481
1156641
1287715
1320484
1287717
1320486
1254950
1156646
1156649
1156647
1320494
1189423
1353263
1320499
1353269
1320502
1353275
1025596
1320508
1353278
1287757
1255000
1320542
1353311
1386081
1386082
1517155
1386084
1353317
1222248
1386089
1255017
1255020
1091181
927342
1123951
1386093
1025651
1255028
1353331
1386101
1255030
1386104
1353336
1386112
960135
1287816
1287819
1484430
1189518
1386128
1287825
1287826
1418904
1255065
1222306
1287845
1287846
1255079
1287850
992940
1287853
1156787
1222327
1320635
1320637
1353407
1091267
1058499
1287875
1255112
1320648
1091275
1058520
1287897
1320667
1353436
1287904
1091298
1222370
1058536
1058537
1222378
1255146
1156846
1353457
1255155
1255156
1386228
1255162
1353467
1320700
1386238
1353472
1353473
1386249
1386252
1255187
1386263
1353496
1124127
1189663
1320738
1255208
1287979
960299
1287983
1287986
1353523
1320759
1058617
927547
1320763
1353543
1320776
1320784
1288017
1222481
993115
1320805
1156966
1255272
1386348
1353581
1386350
1353583
1451887
1320814
1320818
960364
1222510
1550198
1058680
1124217
1222522
1255295
993156
1484676
1320847
1353618
1255316
1058710
1484698
1288095
1058727
1550248
1288104
796592
1255350
1353655
1386430
1189826
1386440
1189837
1222606
1320909
1157075
1288148
960470
1320919
1320921
829402
1320930
1353709
1288175
1353711
1189877
1255418
1255425
1288194
1386501
1255430
1386503
1255439
1452057
1222687
1353761
1386531
1321006
1353777
1255476
1255492
1222730
1550411
1321039
1321045
1255518
1386602
1517695
1353857
1386625
1386628
1452166
1255559
1222792
1517722
1353882
1026204
1124509
1288353
1517731
927917
1386672
1321145
1255610
1222846
1255616
1059010
1386692
1059017
1353930
1190094
1255631
1321170
1157332
1026266
1255643
1353957
1353958
1353959
1222886
1353970
1026292
1255672
1059064
1386749
1059073
1321217
1386753
1288455
1419531
1255700
1321239
1124641
1190181
1157419
1288492
1321269
1419574
1255733
1059128
1419579
698687
1386821
1026381
1255760
1288529
1386835
1255766
1386840
1223003
1386850
1288554
1321326
1059185
1124725
1059191
1288575
1386881
1321346
1026436
1288587
1354126
1386895
1386899
1288597
1485208
1255834
1321379
1026468
1386919
666035
1190323
1354173
1059268
1321416
698835
1354196
1354205
1223134
1223138
1255907
1124837
1059304
1321448
1223153
1255922
1321460
1452533
1059319
993784
1288702
1321471
1419774
567811
1321480
1223177
1223178
1026571
1124876
1288719
1059345
1452569
1223194
1255967
1288735
862754
1157669
797223
1059373
1157680
1157684
1124918
1321528
1354297
1321530
961080
1255998
1255999
1321536
1124934
1387082
1321549
1124944
633425
1550940
1059433
1026667
961138
1026674
1485432
1321594
1288826
1288828
1256065
1354370
1256072
1387149
1223338
993963
1321644
1321647
1223344
1485497
1321660
1387198
1387205
1223371
1125073
1485529
928480
1321696
1026799
1354481
1321718
1354487
1354499
1026819
1485573
1354502
1321734
1026821
1223438
1223440
1256212
1223445
1256221
1223460
1256230
1485606
1256231
1321769
1190698
1321770
1289004
1125169
1354547
1321781
1289018
1059643
1026880
1190720
1321810
1256280
1321818
863067
1321820
1321821
1256290
1321835
1289068
1321838
1354606
1387377
1321847
1158010
1485690
1223549
1387390
1158016
1354627
1387396
1387395
1452933
1387402
1354639
1321874
1354645
1158041
1387417
1190812
1387421
1256348
1223584
1321892
1321897
1321902
1289135
1190836
1321909
1026999
1256379
1256380
1125311
1387460
1289159
1354697
1289170
1190868
895959
1321944
633819
1387485
1321952
1321953
961506
1354732
1321966
1223663
1289205
1190904
1256441
1387514
1354762
1321994
1092622
1420309
1322011
1354780
1092640
1322019
1322024
1354792
1354795
1485869
1387571
1453110
1223735
1190968
1223739
1322044
1289286
1322056
1354827
1322062
1190993
1354834
1256532
1191004
1354845
437342
1420389
1289318
1289320
1387627
1387628
1256557
1354865
1518706
1223799
1354872
1354878
1256574
1289343
1256581
1125510
1354893
1191055
1322127
1354895
896151
1322139
1256604
1322141
1453217
1354920
1322156
863406
1289391
1092788
1322169
1518781
1387725
1256654
1322191
1354959
1256658
1256665
1387739
1256671
1125607
634088
1354988
1322223
1256692
1355006
1322245
1387782
1158416
1256724
1355030
1223962
1322271
1289528
1289531
1289535
1322310
1322318
1387866
1322332
1387872
1256805
1322349
1322351
1289595
1027452
1289601
1486210
1289608
1387916
1191318
1060252
929204
1387957
1060281
1387968
1355200
1322439
1224146
1322453
1289687
1322456
1551838
1355242
1093099
1289708
765421
1322488
1355266
1322500
1027588
1125896
1355275
1093134
1224208
1355283
732698
962074
1355290
1224226
1355299
962085
1420838
1289773
1322543
1158709
1355320
1224249
962108
1322559
1125953
1027652
1257029
1322572
1388118
1322593
1257060
1355366
1355371
1093231
1551984
1257073
1257074
1191542
1322616
1322617
634492
1257085
1552000
863873
1355393
1224327
1257100
1257102
1453719
1322653
1322659
1388196
1191588
1257130
536235
1224364
1060532
1224374
1322678
1191610
1191611
1322685
1322688
1191618
1355458
1388232
1289928
1224392
1126094
1257170
667347
1388244
1027801
1158874
1257180
1257182
1191650
1355490
1224420
1453798
1421036
1289967
1191665
1289970
1126133
1322742
1224447
1158915
1322764
1552142
962319
962318
929563
1290017
1257257
1388334
1257264
1290034
1519411
929590
1158969
1322809
1355581
1322813
1355588
1158986
1257291
1290060
1257293
1388365
1322831
1388368
1355600
1421140
1158996
1453913
1257309
1027938
1388395
1519469
1257328
1290100
1224567
1388409
1224571
1453962
1257355
1257356
1224589
1552271
1290127
1388433
798612
1388437
1355670
1388440
1388441
1388444
1257374
1421218
831395
831396
1322916
1257379
1224614
1159074
1257388
1257393
1257394
1191857
1290164
1257399
1257400
896954
1257407
1388479
1191876
1257413
1388487
1290184
1257416
1355729
1322962
1290194
1126357
1257431
1224666
1322973
1290206
1519583
1126365
1322977
1388516
1290213
1322982
1355752
1322985
1355755
1388524
1322993
1257458
1355766
1388536
1257474
1257485
1290260
1224727
1355802
1355803
1257501
1290273
864290
1257508
1323046
929831
1093671
1257517
1257518
1290287
667696
1257520
1126451
1323062
1126456
667706
1126459
1388604
1257530
1126467
1388616
1126475
1323095
667744
1028196
1159277
1192047
1257586
1355891
1290365
1355903
1192066
1290371
1552516
1290372
1290377
1257612
1159311
1257617
1126546
1355924
1257622
1388695
1355926
1355931
1355932
1355933
1290402
1487013
1290405
1355943
1290409
1355951
1552584
1323208
1421522
995538
1421532
1487070
1421535
1388776
1388777
1192179
1290486
1224953
1356026
1323260
1224956
1487103
1192195
1323267
1421573
1356045
1257742
1257743
1257744
1192209
1323283
1257750
1159452
1323299
1126692
1356070
1388842
1356076
831790
1159470
1356080
1225009
1093938
1290547
1388852
1159477
1290549
1093939
1290552
1290551
1290553
1356083
831815
1093960
1388874
1323338
1388877
1093966
1290575
1323344
1093971
1093974
1290584
1323353
1225049
1388895
1356133
1388901
1290600
1093995
1159544
1094009
1388920
1323384
1290627
1290636
1192334
1225102
1356177
1192338
1225107
1487255
1323417
995746
1323427
1257890
995749
1356198
1323433
1323434
1388979
1356214
995775
1257922
1257925
1257926
1257928
1290697
1356236
1225172
1356246
1389015
995803
1225183
995808
1192417
1094116
1389038
1454574
1257968
1126897
1257971
1290740
1389049
1094138
1290747
1257980
1257988
1323531
1389068
1290764
1290767
1389072
1258001
1126934
1258008
1290776
799258
1290777
569903
1258035
1258037
1356342
1290810
1323588
1258057
1258060
1225293
1028688
995926
1290839
1290841
1389147
1389148
1290846
1225316
1356391
1290867
1159799
1356416
1094274
1258117
1356423
1258132
1094293
1389212
1028769
1225377
1389227
1258157
1323699
668340
1422007
504503
1290938
1290940
1127108
1192645
1225414
1323724
1028819
1225435
1258205
1323743
996064
1258211
1323747
1323753
996084
1225463
996087
1323768
1454844
1225469
1127166
1323776
1389313
1356546
1061636
832262
1192730
1225507
930600
1323820
1356589
1225518
1553196
1258288
1323828
1225526
1291065
1291067
1487680
1061699
1323844
1094473
1160018
1094482
1389394
1192794
1192798
799583
1356638
1160030
1160039
1160041
1160042
340841
1389421
1356661
1225597
1094526
1192832
1323904
1389440
1291143
1323911
1192846
1258384
1389458
1061785
1225626
1094556
1291165
1225648
1389491
1258420
1160119
1323959
1389499
1258428
1356735
1291199
1258439
1323979
1094605
1127375
1225683
1356756
1225686
1192919
1389540
1258469
1324004
1389543
1291239
1356774
1389542
1258478
1127407
1324019
1356790
1356796
1094662
1192966
1356818
1225746
1356821
799766
1356822
1356827
1356828
1258526
1324063
1192992
1061922
668706
1291307
1553460
1389622
1225783
1193017
1389626
1389625
1225787
1356866
1356875
1487950
1356881
1356882
1356890
1324123
635996
1356893
1356895
1356899
1061990
1291370
1324143
1225841
1029235
1193077
1356917
1029244
1225852
1029247
1160321
1389698
1160325
1225862
1225863
1324173
1291406
1225869
1258641
1225877
1127578
1324187
472221
1225886
1193120
1029281
1193126
1225895
1291434
1291436
1291437
1258670
1356977
930994
1258675
1225906
1258677
1324218
1258692
1324235
1291470
1324240
1160401
1029330
1127632
1357016
1127652
865511
1324266
1324267
1324268
1357037
1324271
1357040
1324274
1455347
1324276
1258745
1225977
1127675
1324283
1389821
1389817
1389823
1357056
1324290
1258761
1258766
1291539
1291540
898336
1357088
931107
1291557
1291559
1324328
1324327
1324331
1324335
1291567
1258801
1291573
1062198
1094974
1226046
1357125
1062215
1029449
1094986
1291594
1422680
1324379
1226077
1226078
1324383
1324389
1389932
1160566
636279
1389951
1389955
1062276
1324422
1324423
1160587
603531
1291661
1389966
1422735
1127824
1160594
1258902
1160604
1226141
1258910
1389983
1160608
1226147
1258916
1258917
1160614
1357224
1389995
1258925
1029555
1062323
1258937
1226170
1390010
1258940
1160639
1291714
832964
1324485
1390020
1291719
1062347
1160652
1390029
1193421
1324495
1455563
1258969
1291738
1226201
1390044
1324509
1390046
1324515
1521139
1259000
1357306
1390076
1553924
996871
1422859
1062421
1029654
1324565
1127963
1455645
1160734
1193503
1291813
1324583
1357351
1226281
1291816
1193515
1160748
1357356
1390127
1226292
1226293
1259062
1422906
1226299
1291834
1226301
1226304
1553985
1226306
1422912
1029700
1095234
1553986
1324631
1455707
1390177
1324641
1259108
1357413
1357414
1291884
996976
1259120
1324660
1357429
865910
1357432
1062522
1324670
1291907
1062532
1324677
1291909
1259142
1324680
1324683
1357457
997011
1193620
1357459
1259162
1291932
734881
1488546
1291939
1390242
1226409
1226413
669359
1324727
1357500
1259198
1259205
1324741
1390278
1324745
1324750
1160911
1259216
1259219
1160916
1324759
1357529
1160923
1128156
1357532
964318
1324764
1324765
1390306
931555
1357541
1357542
1226471
1357544
1324774
1390321
1062644
1226484
1029879
1226489
1324794
1160956
1226497
1292039
1095435
1160981
1259292
1226525
1226526
636706
1357609
997162
931628
1259312
1390390
1554230
1259320
931642
1357627
1357633
1259329
1029955
964420
866124
1226575
1390416
1226577
1226578
1455957
1324888
1423196
1357662
1292128
1226599
1226602
1128299
1357675
1193837
1259384
1259387
1390461
1488767
1292166
1259399
1095560
1193865
1292170
1226633
1128337
1226643
1357716
1324947
1161108
1259417
1128345
1324965
1259435
1030060
1357741
1292209
1292211
1324981
1324985
1324987
1030076
1324989
1324990
1423301
1488838
1357766
1423306
1357772
1390549
1193946
1325020
1292252
1390558
1259486
1030109
1193964
1259501
1161198
1390575
1193969
1226743
1357815
1226745
1259517
1390590
1325056
1325057
1259526
1226759
1357832
1390604
964622
1554453
1357850
1390619
1357872
1357873
1357874
1325107
1128505
1292346
1357882
1390649
1357884
1357886
1390652
1259584
1292359
1030219
1456209
1390674
1226835
1226840
1226841
1226842
866398
1292382
1456222
1357922
931940
1357925
1390695
931944
1456236
1357933
1128559
1390705
1390709
1357943
1325178
1095805
1357954
997509
1292422
1226886
1030282
1357963
1357966
1357967
1095826
1226899
1128606
1161374
1357982
1325218
1325221
1095848
1194153
1030317
1325230
1456301
1161392
1358004
1161396
1325249
1128650
1095889
1325268
1226964
899298
1358054
1325298
964851
932086
1259772
1194240
1358083
1390855
964876
964877
1358107
1292572
1358109
1390881
1358120
1292585
1423656
1259819
1489197
1128752
1259826
1390903
1358142
1259850
1390925
1358170
1259874
1325418
1259884
1390957
1325425
964978
1292661
1292662
1390968
1292671
1227136
637312
1128836
1259918
1259919
1292687
1063314
1194388
1227163
1391007
1128864
1391009
1391012
1292716
1391025
1325494
1161655
1456570
1259962
1030588
1259963
1391036
1456578
1358278
440775
1358280
1128903
1128907
1358285
1128910
1259985
1227221
1325528
1259992
1161690
1358301
1391072
1030627
1260004
965094
1292776
1030633
1325544
1260011
1194476
1128941
1260009
1194480
1260016
1456636
997892
1096197
1325588
1161751
1260057
1325594
1325595
1358364
1456668
1325597
1391135
1128992
1358372
1292837
1292843
1292845
1292846
1292856
1292857
1096252
1292862
1129025
932420
1292868
1194568
1325645
1358417
1129045
1358427
1292892
1292894
1391200
965222
1292905
1194614
1063549
1260165
899718
604811
1194636
1260172
1325714
1391253
1063574
1096342
1161879
1391256
1391264
1129123
1325738
1391274
1358529
1325761
1391299
1260230
1260232
1358548
1358551
1358554
1358559
1358562
1260260
1227495
1325800
1358569
1260272
1424113
1358579
1391349
1358582
998137
1391354
1063679
1325824
1358595
1293061
1358597
1293064
1096462
1358609
1325847
1194776
1260313
1293086
1325855
572195
1194788
1293098
1096493
1325870
1325869
1391409
1260337
1293108
1325884
1325888
1030983
1162057
1096531
1325909
1358678
1325912
1260378
1358684
1325917
1260383
1129314
1325926
1227624
1162097
1260419
1063814
1260426
1293196
1260435
1063829
801688
1358745
1162136
1162143
1293217
1194915
1391524
1227694
1391539
1096633
1227709
1096638
1358782
1227712
1358785
1326018
1063875
1424323
1063877
1358792
1063881
1031114
1358797
1391566
1293263
1489872
1031118
1326045
1293278
1293279
1391585
1031139
1358820
1358823
1194985
1326059
1227762
1260531
1326067
1260537
1227770
834562
1358850
1227780
1293316
1391622
1260557
1195027
1293338
1358881
1129508
1358887
1227816
1293359
1260594
1293366
1358907
1391676
1424449
1358920
1358927
1162321
1064028
1195100
1424478
1358942
1260640
1358947
1096804
1096805
1358951
834664
1326184
1195127
1096826
1129598
1293439
1326211
1555588
1391748
1096838
1195143
1129608
1129610
1358987
900235
1096846
1293457
1260689
1293461
1391771
1195173
1293488
1227956
1391797
1064119
1391801
1359040
1424588
1359060
703701
900311
1359071
933088
1326304
1293538
933090
1391843
1228000
1490143
1260781
1162479
1293563
1359100
1293567
933131
1326348
1064205
1359119
1260820
1064213
1326358
1326359
1326362
1293598
1326373
1228070
1391910
1097000
1293612
1260845
1359153
1490228
1326389
1490232
539972
1523017
1260874
1064270
1326414
1359192
1359195
1326428
1195360
1260898
1260900
507241
1359210
1326443
1195374
1260916
1359227
1359233
1195394
1359236
1457540
1359241
1359243
933260
1359244
1359246
1424783
1260944
1359254
834966
1260951
1228189
1359262
1424798
1195425
1064356
1293735
933290
802219
1260974
1260982
1064375
998846
1293763
1392068
1293768
1392076
736720
1392085
1392088
1392090
1490402
1424870
900587
1261046
1326583
1261050
1261060
1195526
1228295
802312
1457674
1195535
1228312
605722
1359389
1293857
1228322
1424930
1228324
1064486
1162791
1359399
835113
1195565
1228335
1293873
1359409
671283
1424949
1359414
671290
1130044
1457725
1424956
671296
1326657
1130053
1293893
1359434
1293900
1326670
1195602
1261141
671317
966238
1359462
1392235
1031795
1457779
1326711
1261176
1326713
1359482
1359486
1195649
1064594
1293974
1359510
1261213
1326757
1326761
1392300
1359535
1162931
1294004
1228475
1261250
1294024
1228499
1261276
1359582
1359583
1228512
1162975
999142
704239
999151
1359604
1228532
999160
1294078
1228545
1294084
1457935
1261328
1457937
1228564
1261333
999191
1556252
1326878
1523486
704288
1490723
1130276
1261352
1392426
1031979
1326895
1326897
1064758
1294134
1326902
1392445
1326914
1097549
999255
1425243
1359708
1064802
1359717
1326963
1392501
1425270
1032056
1228681
1228682
1228685
1228687
1228689
1261460
1228693
1228696
1294233
901024
1294242
1130402
1130405
1327013
1097641
1327018
1359786
1130413
1359790
1163186
1359800
1556409
1163194
1425337
1130428
1261498
901059
901060
1261510
933835
1064909
1392608
1359850
1359851
1261560
1261562
573435
1359868
1359867
1294331
1359870
1359873
1294338
1228803
1163266
1359877
1163269
1359883
1359891
1359895
1327129
1196066
1327141
507942
1359912
1392683
1490996
1261623
1294395
1458238
1294403
1523786
1228891
1196134
1359977
1228907
1294452
1359990
1032321
1360002
1392771
1097870
1491086
999582
1294496
704673
966822
1261734
1261740
1261741
1294510
1392817
1032372
1392821
1228989
1228992
1392833
901315
999621
1261769
1261770
1294540
1261774
1229009
1523923
1294553
1163493
1360101
1392871
1032425
1491179
1360108
1294573
1261810
966900
1229045
1229047
1360121
1032448
1327360
1392898
1229064
1261833
1392908
1360147
1327380
1229076
1229078
1327383
1032472
1163545
1327398
1360170
1327410
868660
1261877
1261879
934201
1229122
934214
1491270
1294665
1196366
1196367
1065299
1065301
1261912
1425757
1360222
1327460
1261924
1130852
1360231
1098088
1229163
1229164
1327467
1294705
1261939
1360244
1294712
1261947
1425788
1196412
1130875
967047
1360269
1261971
1130906
1458588
1360292
1294756
999849
1327530
1294765
1360304
1327537
1262003
1196470
1262013
1032642
1360322
1229261
1229262
999890
1229266
1327578
1196514
1393140
1229305
1393146
1360381
1294849
1032706
1327620
1360389
1360390
1065478
1163783
1294857
1229318
1360395
1294863
1262098
1229336
1327647
1229344
1393185
1229346
1425954
1229349
1458727
1360430
1262127
1360431
1327668
1229365
1229367
1032765
1262149
1262152
1327689
1262161
1294931
1262164
1393237
1262165
1098332
1098335
1196646
1294952
1360489
1229421
1262191
1426032
1229426
1327732
1163894
1032823
1229430
1327737
1196668
737917
1294973
1000064
1327745
1262209
1229444
1229448
1098378
1000075
1426062
1098383
1229455
1000079
1294998
1294999
1295000
1163929
1327772
1000092
1196704
1262243
1393316
1327787
1327791
967344
1163953
1229490
1327798
934584
967353
1262265
1262268
1327805
1000127
1229505
1262277
1000140
1393357
1000143
1360595
1032915
1327829
1295064
1196762
1262299
1360604
1327836
1393375
1327841
1360610
1327843
1262310
639720
934632
1295091
1262327
1393401
1327876
1295110
1229576
1196810
1557259
1131279
934671
1196829
1458981
1360677
1295144
1196840
1360682
1131305
1327917
1295152
1327922
1393460
1327924
1327926
1196856
1327928
1360706
1295174
1426248
1459017
1295179
1229646
1229647
1229648
1262420
1360733
1426269
1262433
1393508
1262439
803690
639857
1557364
541557
1196918
1327997
1360772
1360774
1262471
1328007
1491848
1328008
1360779
1360780
1196940
1360782
1360784
1262485
1360791
1360794
1360796
1360799
869291
1360812
1360813
1360816
1196980
1360826
1262523
1262525
1229760
1262530
1262533
1360838
1360839
1328071
1491910
1262540
1000397
1393614
1328077
934866
1229779
1098709
1262549
1393621
1459167
1360867
1229795
1065963
1262571
1065968
574451
1328123
1229822
1229824
1328129
1262596
1262599
1229831
1328150
1360919
1262619
1197084
1229853
1295389
1459229
1393700
1262630
1426472
1229868
1229873
1197109
1295415
1393724
1393729
1164355
1262663
1360969
1229898
1229903
1393750
1229913
1393754
1229915
1393756
1295451
1262686
1262689
1393761
607338
1393771
1229933
1229945
1361018
1262716
1229955
1229958
1066124
1361042
1262740
1393814
1393817
1328283
1295517
1131684
967847
1328297
1328298
1197234
1361076
1262779
1230014
1393860
1164488
1393864
1328333
1393874
1328339
1262805
1426648
1393881
1361115
869597
1361117
1361125
1230058
1361132
1361135
1262832
1361141
1033462
1000693
1361142
1230075
1393916
1000700
1361154
1230084
1230085
1328392
1197320
1361162
1131786
1230097
1328402
1262866
1295637
1066262
1328409
1393966
1361199
378160
1295671
1557816
1262905
1361210
1230139
1361211
1230141
1295678
1361215
1262914
1230147
1361220
1262917
1361222
1393991
1230153
1361225
1000780
1361232
1328466
1230163
1361240
1361242
1230171
1361244
1361246
1361248
1361250
1361253
1328486
1361255
1131880
1033576
1230186
1262949
836972
1328497
1262963
1262965
1361270
1197437
869760
574848
1394050
1000837
1328517
1262983
1230215
1361292
1000844
1262988
1295759
1262991
1164689
1361302
1164699
1000862
1328542
1000866
1361315
1230242
1295781
1263031
1000888
1230265
1361340
1099198
1361342
1394115
1361349
1557986
1426925
1525231
1132017
1263089
1164788
1492470
1328632
1361410
1361411
1000963
1000965
1394182
1295875
1263112
1394181
1263116
1361422
1295888
1361426
1394195
1328685
1001008
1197619
804406
1033784
1230393
1394234
1001019
1001023
1230402
1001028
1230407
1230409
1263182
1361486
1361488
1001044
1295956
1263188
1197657
1263195
1164892
1295963
1001054
1066591
1197662
1164897
1001057
1263200
1295972
1427041
935526
1197671
1295975
1295973
1361514
1001072
1361522
280180
1328756
1132154
1001083
1001089
1328773
1263238
1361541
1263241
1230477
1328782
1361550
1263249
1394325
1427093
1099413
1361560
1001112
1296039
1263272
1394347
1361582
1328814
1263282
1394356
1459893
1001143
1001145
1230522
1230527
1328833
1394375
1394378
1328844
1263309
1394387
1394389
1230550
1263321
1066714
1394397
1296094
1394400
1328873
1296117
1230582
1394423
968441
476928
1296132
1197830
1394439
804616
1263371
1263373
1361678
1197840
1328917
1394454
1328921
1296159
1427237
1296170
1230641
673593
1001274
1296187
1001273
1263421
1296193
1263426
1296195
1394505
1394506
1230665
1034060
1001292
1328976
1460049
1361757
1001311
1361760
1263460
1001323
1361776
1197942
1427318
1329017
1296250
968571
1361786
1329021
1394562
1263493
1361800
1394569
1361803
1296272
1296274
1230743
1230751
1001376
1001377
1296291
1197989
1361833
1296298
1034158
1427374
1198003
1296310
1132471
1001402
1198014
1329088
1329091
1132491
1263563
1394635
1132497
1132500
870360
1001432
1001434
1198040
1329121
1001456
1099761
1329139
1296371
1067000
1230842
1329147
1001472
1001473
1263621
1230859
1361935
1361941
1361943
1296407
1296415
1296416
1263649
1361955
1296421
1329197
1361968
1361975
1198142
1460289
1230920
903247
1296470
1099863
1362008
1296473
1263706
1132634
1296484
1296486
1099884
1394802
1394803
1329268
1296500
1362041
1263738
1362043
1394810
648464
1296505
1165441
837763
706693
1329287
1394825
1263754
1165455
1362066
1263763
1263766
1165462
1165464
1165466
1099935
1001632
1099939
1099946
1165483
1231019
1329323
837806
1362101
1329336
1231035
1231046
1525963
1362130
1001684
1362133
1231064
1263833
739547
1263842
1296622
1165552
1493233
1296630
1263868
1362175
1362178
1001736
1329416
1394955
1263885
1427726
1263887
1394958
1001747
1231131
1394974
1034541
1231155
936245
1001783
1329466
1362234
1329470
1395008
1231168
1100099
1362244
1296715
1100108
1067341
1231180
772431
1329491
969047
1198426
772443
1296734
1296736
1231202
1231206
1329518
1395056
1296753
1263992
1231233
1100166
1460615
1231240
1296778
1132943
1329566
1296799
1296800
1296801
1034658
1329571
1231273
1100212
1231285
1296824
1329594
1296830
1395135
1362374
1296843
969173
1264089
1296860
1067485
1395170
1296866
936425
1329643
1329646
1362418
1362422
1231351
1362423
1296892
1034751
1329671
1362444
1231374
1231377
1362454
1296919
1264154
1198620
1296925
1362471
1264172
1362477
1362480
1526323
838206
1264191
1296960
838209
1362500
1296966
1133128
1296968
1362506
1264203
1296973
1460819
1296984
1428058
1460838
1002088
1264233
1297002
772720
1231475
1264247
1297016
1231483
1198717
1362558
772735
1198723
1493640
1329802
1329808
1034897
772753
772752
1329810
772757
1297049
1297053
772768
1493665
1198754
1395364
1002155
1034923
1264300
936622
1362611
903861
1362614
1297082
1362618
1329852
1493695
1362624
1297088
1297094
1297095
1297098
1428174
1297104
1231574
1362648
1362651
1264349
1264350
1231583
1395425
1428194
1297121
1264371
1297144
1329912
1166073
1198843
1329918
1329919
1395454
1329921
1100545
1329923
1329925
1329926
1231624
1428232
1100554
1395468
1264397
1362704
1329937
1329938
1198866
969492
1198877
1297185
1329956
1297190
1035048
1264429
1297201
1166133
1198904
1067833
1362746
1329980
1067837
1362755
1526596
1297222
1297223
1231698
1395541
1297241
1297245
1461091
1330025
543596
1297268
1362805
1330041
1330044
1330045
1231753
1231758
641934
1002398
1330078
1493922
1297317
1231785
1493930
1264557
1166255
1002416
1231799
1395642
1264570
1100732
1231808
1493967
1362898
1231828
1297369
1297370
1231843
1362916
1264613
1362915
1362920
1100782
1330159
1330158
1330167
1264631
1395705
1297409
1526788
1526789
1362951
1297419
1395724
1362961
1395731
1199126
1395740
1330210
1330213
1297453
1330224
1231925
1231926
1100856
1363000
1330234
674885
1231942
1199179
1297487
1231953
1297500
1330272
1231978
1264754
1330290
1231995
969852
937086
1166463
1002626
1330306
1297545
1330319
1297553
1363090
1100950
1264800
1100964
1264804
1264808
1395888
1297590
1363127
1363128
1199294
675009
1330373
1100998
969926
1232072
1395913
1232074
1363141
1264844
1297607
1330374
1264853
1264854
1297625
1330395
1068260
1297636
1330407
1363177
1330409
1330410
1297646
1330417
1297650
1297651
1166581
1395960
1330428
1166589
1330434
1330439
675082
1363224
1264922
1363235
1297699
1264939
773428
1297720
1330489
1264954
1068344
1264962
1264966
937287
1264968
1363272
1264970
1264975
1363289
1527129
1297755
1232219
1199458
1264994
1068394
1101175
839033
1265017
380282
1035657
1199510
1232280
1330592
1232289
1396130
1232290
1265066
740788
904629
1559989
1232314
904636
1396159
1232324
1101256
1461704
1232350
1265122
1297892
1068518
1101291
1330669
1297903
970231
1297915
904704
1363462
1330695
1363464
1134094
1232398
1363470
1330709
1199638
1199651
1330725
1232422
1396266
1297964
1265196
1297970
1363508
1232444
1232449
1232450
1363534
1396303
1396310
1101401
1265242
1396324
1166953
1068650
970347
1363564
1232493
1265257
1298038
1232514
1199748
1101448
1494664
1330828
1396365
1298062
1396366
1363598
839316
970390
1363606
1265304
1396376
1265305
1396380
1265308
1265312
1265313
1363617
1298081
1298087
1265320
1232553
1167027
1396404
1363640
1429177
1265340
1298116
1134278
1363656
1298121
1527498
1298120
1167049
1363662
1494735
970450
1232598
1134294
1035998
1298143
1199841
741091
1265391
1363707
1363709
1167101
1298176
1396482
1396483
1298180
1232645
1363717
1462049
1232681
1298219
1232687
1363761
1232694
1363767
1298238
1462080
1199946
806731
1396558
1265490
1199958
872283
1232732
1265505
1265508
1167205
1199974
1363818
1265517
1232756
1167226
1232763
1167231
937855
1396612
1134475
1494924
1232781
1232790
1298334
1167271
610219
1134517
1396663
1200058
1232827
1396681
1363915
610251
1363916
1265614
1036239
1495008
1298400
1003491
1363947
1396716
1298414
1265647
1298418
1396726
1167351
1232889
1265659
1265662
1232895
1495040
872448
1265663
1527811
1429508
1167366
1331208
610326
1298462
1396767
1363999
1232929
1298472
1298474
1298476
1232943
1265713
1364017
1364023
1396794
1167419
1265725
1265731
1298503
1298504
1298506
1232972
1364047
1200208
1298513
1396822
1134680
1134682
1364060
1265760
1429603
1396847
1364082
1364085
1364092
1069180
1396861
1364096
1069185
1298562
1069187
1265798
1298568
1265800
1364106
1331344
1069200
1364114
1364117
413846
1396885
1396888
1298582
1331351
1134748
1265828
1495207
1364142
1331375
1364144
1233076
1233083
1233090
1134789
1233095
1364173
1036497
1331423
1265897
1396972
1298674
1331443
1265907
1233141
1364215
1364216
1233154
1233157
1397006
1167632
1134866
1331474
872726
1397015
1298716
1036573
1331485
1233186
1429794
1298727
1233197
1331501
1233200
1331505
1528118
1298743
1233208
1265977
807222
1364283
1265979
1298749
1233209
1331521
1364296
1134921
1265993
1069387
1495375
1266002
1298771
1364308
1200469
1069394
1364317
1298783
1364325
1266033
1167732
1233269
1134966
1298809
1397117
1233277
774531
1298819
1298821
1397128
1298825
1298827
1364364
1298829
1397131
1102226
1266068
1266070
1102231
1233303
1364383
807339
1233324
1233327
1167795
1298867
1298871
1167802
1266109
1397183
1233346
1167814
1167817
1266125
1298893
1233361
1298901
1298903
1364443
1069537
1397220
1233393
1102327
1167863
1397255
1364496
1102353
1167898
1233435
1364506
1298973
1200674
1528362
1102390
1364535
1004096
1167938
1397314
1266247
1135176
1299015
1233486
1299023
1299025
1299040
1364578
1397347
1299046
1397352
1364587
938606
1036914
1266291
938614
1397368
1036921
1233531
1397372
1364607
1299074
1364615
1299079
1364617
1135245
1397390
1266321
1528468
1364628
1233558
1299094
1036952
1397397
1102493
1364638
873119
1430178
1266344
1299112
1102510
1462962
1266356
1364664
643776
1266369
1266376
1233609
1397450
971468
1266381
1266392
1266394
1397471
1200866
1397477
1397482
1037035
1364727
1364729
1364730
1037051
1004284
1528581
1233670
971533
1102607
1430291
1364758
1299225
1266459
1299234
938804
1397557
1037113
1397562
1135417
1004348
1233722
1364808
1397576
676685
1200978
971606
1069910
1299288
1266523
1266524
1135454
1266528
1266536
1135465
1266540
1332077
1201015
1397623
1069945
1037179
1266559
1266562
1430414
1266578
1397654
1299351
1266585
1299354
1299357
1299364
1266596
1168294
1233828
1299372
1299383
1233847
1233849
1299385
1299390
1233856
1233866
1364939
1168333
906200
1233882
1364957
1201117
1364959
1233889
1233891
1397735
1299432
1364970
1233899
1397743
1233906
1266678
1233910
1364984
1397752
1364987
1332223
1364992
840705
1102857
1496074
1004555
1168397
1168398
1397776
1233936
1168406
1365015
1201176
1365018
1397786
1397788
1299498
1201197
1365037
1266734
1070130
1299506
1365044
1201210
1299530
1299537
1299541
1234008
1365081
1102938
1365083
1365094
1365100
1201262
1365102
1365103
1299568
1234038
1397888
1365120
1234052
1397896
1168528
1332372
1365141
1266837
1397917
1365151
1168543
1266860
1397934
1365167
1397937
840889
1201338
1463482
971968
1299649
1234114
1397955
1299652
1299648
1299654
1266889
1397964
1365196
1365199
1397973
1266908
1266909
1365218
1266919
939243
1201387
1070319
1234165
1299703
1332487
1234183
1365258
1266959
1234194
1365266
1234203
1365276
1266972
1398046
1004837
1365285
1266985
1266987
1529132
1365293
1266990
1398063
1266992
1398066
1430839
1103167
1365312
1168709
1365328
1267030
1004890
1299805
1267046
1037671
1365364
1201524
1365371
1070464
1070465
1234318
1365392
1430928
1365394
1136019
1463700
1365397
1365401
1299874
1398180
1168806
1299880
1267113
1070507
1234352
1267128
1201597
1430983
972232
1299925
742869
1398231
1529303
1234397
1398239
1005026
1365477
1234406
1234409
1267182
873967
1398255
1365490
1267187
1299956
1267190
1267197
1332737
1234434
1103363
1037827
1234437
1267212
1267217
1005076
1267224
1562137
1201697
1398306
808482
1398305
1300007
1234475
1267244
1267248
1398324
1267253
1234490
1300028
972355
1398340
1300037
1201734
1103432
1300041
1365576
1300043
972365
1300045
1234513
1201753
1070684
1201758
1398375
1365609
1201773
1365617
1300081
1365619
1234546
1234567
1300110
972433
1300115
1365657
1234586
1234591
1234593
1398434
1267363
1267365
1267366
1529510
1234597
1267368
1234602
1300138
1398445
1234607
1103538
1529526
1234614
1234619
1234620
1300157
939710
1398466
1234628
1365701
1365702
1267398
1267406
1365712
1136347
1398491
1332965
1431273
1103593
1234667
1234669
1431278
1365743
1365747
1267443
1365749
1332986
1332990
1332994
1103621
1464069
1300229
1136394
1005331
1300245
1365787
1136418
743203
1398564
1365798
1136423
1464109
1267502
1464116
1333048
1234746
1267518
1103678
1267521
1333059
1333060
1234757
972614
1300292
1234764
1365854
1234783
1431391
1300321
1496927
1333096
1300331
1333100
1333099
1267574
1300344
1234811
1365883
1300348
1136512
1267587
1267589
1103750
1300360
1070997
1300374
1333143
1267605
1103768
1267611
1333148
1300381
1267613
1071009
1365924
1300396
1136557
1136558
1267628
1234864
1300403
1038263
1464247
1267643
1169340
1431484
1365950
1267650
1103812
1398725
1333192
1169361
1300434
1365973
1365975
1234905
1103835
1267681
1267682
1365994
1234929
1398773
1136633
1300476
1234941
1234950
1234951
1005576
1005578
1103886
1267729
1103891
1300500
1300504
1300506
1267741
710687
1398817
1267746
1366054
1300522
1267757
1169455
1136690
1300533
1366070
1366071
1235011
1235020
677965
1235022
1267791
1136721
1267800
1366106
1202268
1366109
1333343
1497184
1267814
940139
1267822
1005681
1300594
940148
1398903
1169534
1038476
1497239
1104027
1267867
1366174
972964
1562792
1398960
1398967
1366200
1267903
1366210
1202372
1136837
1104070
940247
1399009
1202402
1366250
1300721
1169649
1530100
1300729
1136897
1300739
1267971
1300741
874759
874763
1267983
1300769
1005860
1300774
1399081
1104171
1300790
1300799
1235263
1136962
1399108
1399112
1300818
1366358
1136987
1300828
1300833
1399139
1268067
1530221
1399158
1300855
1300856
1399163
1071487
1169791
1235329
1202563
1366404
743815
1399178
1464722
1005972
1399199
1268128
1431969
1399208
1366443
1366445
1300911
1268143
1399223
1431994
1268161
1300929
1399236
1268164
1366472
1137097
1104331
1268173
1399247
1300945
1235415
1268184
1399261
1300962
1300963
1366498
1300965
1268198
1235431
1268206
1235446
1497591
1268215
1268218
1235451
1268220
1366526
1202690
1137155
1104390
1366536
1301000
1235468
1137165
1268237
1301007
1268236
1235474
1137171
1301013
1038874
1268263
1071658
1235499
1006124
1137196
1235502
1137205
1071676
1268290
1235525
1170000
1137242
1268315
1137245
1235554
1137253
1268334
1268346
645757
1399423
1366657
1301122
1399431
1137293
1399439
1170063
547475
1399444
1399447
1301156
1399460
1235623
1202863
1202867
1366711
1301175
1399485
1235649
1301192
1301197
1301198
1399509
711384
1301212
1170141
1202908
1301216
1202928
776945
1301236
1301239
1301241
1235710
1235714
1366794
1301258
1235729
1202963
1235731
1301273
1235742
1268513
1235749
1301290
1366830
1235761
1235764
1366837
1235770
973628
1366846
1366851
1399619
1071940
1399623
1104727
1366871
1301337
645985
1366885
1268581
1170283
1301356
1268589
1268588
1203060
1235832
1268603
1268604
1497982
1366925
1301394
1465236
1301404
1268637
1301425
1235892
1268663
1399737
1366975
1366977
1366980
1268678
678856
1235913
1235914
1104844
1072078
1268688
646097
1235922
1268691
1235923
1268693
1235927
1301464
1563609
744409
1498072
1268696
1301470
1170400
1072097
1367010
1301475
1203170
1301477
1399790
1268719
1301494
1235958
1235959
1268735
1235969
1268740
1301515
1563659
1268749
1367061
1268760
1268763
1399836
1203236
1104937
1268784
1236018
1301559
1268791
1367099
1137724
1399869
1072193
1236035
1367108
1006664
777292
1268815
1268816
1268818
1301586
1399895
973912
1137752
1399898
1039453
1399905
1367145
1399914
1105002
842859
1039482
1399932
1006724
1432708
1268870
1399943
1268872
1268869
1006732
1170574
1399951
1301650
1039512
1236122
1399964
1301661
1301663
1170595
1399983
1236145
1072306
1465532
1268934
1137863
1236168
1236166
1268941
974036
1072342
1531098
1400028
1367262
1301729
1170657
1170659
1301732
1006817
1236200
1498347
1400047
1301745
1268987
1236225
1236234
1269003
1367321
1269019
1301788
1269021
613662
1170719
1269026
1432869
1269030
1367334
1236265
1203498
1269034
1039659
1367341
1367344
1203505
1203506
1301812
1203509
1400130
1432899
1236291
1400134
1236295
1498438
1334609
1203538
712022
1400161
1236329
1269104
1269108
1367417
580988
1236349
1236350
1301892
1170824
1400201
1072524
1236375
1269145
1039773
1301917
1301919
1400224
1039780
1400232
974250
1269167
1236400
1367474
974262
1367481
1236416
1236419
1203653
1301957
1400263
1269192
974284
1433039
1301969
1236435
974292
1072596
1203670
1236439
1301978
1269217
1301988
1105382
1301994
1367533
1236464
1302001
1203699
1302004
1433077
1302007
1302011
1039868
1302012
1302014
1105407
1269247
1302017
1465858
1039882
1367562
1203724
1400333
1138194
1007127
646683
1269282
1236515
1105445
1269292
1072693
1138230
1171004
974397
1171006
1236545
1302082
1236550
1236553
1367626
1171025
1302106
1302109
876127
1367652
1269349
1072751
974453
777847
1236608
1465984
1105545
843403
843416
1171096
1400475
1171099
810658
974498
1433252
1236646
1400489
1269427
1269428
1236659
1171133
1236671
1400515
1302212
1367749
1236682
1171149
1203923
1367764
1203925
974558
1007328
941796
1072876
974576
1269489
1171192
1072890
1236730
1400574
1236736
843527
1040137
1269521
1302290
1302291
1105682
974613
1302296
1269539
974635
1335089
1302322
1236788
1269561
1007418
941883
974663
1466191
1564495
1138513
1433427
1302359
1171296
843617
1335137
1302378
1367922
1007481
1105790
1073027
1269642
1302425
1236893
1335229
1499070
1073087
679870
1236935
1236937
1204186
1204188
1400797
1368041
1040368
942074
1171450
1204228
1171462
1237000
1269773
1105946
974878
1237024
1105952
1237036
1466412
1138734
1237041
876598
1302589
1171525
1171532
647245
1368145
1237081
680027
1531997
1237092
1368165
974950
1171558
1237099
1007723
1073264
1368181
1400951
1106049
1302659
1106052
1040524
1302675
1302687
1368224
1269924
1302699
1499309
1269935
1171631
1171634
1171640
1401024
1138883
1171652
1138885
1368264
1368265
1302733
975056
1007826
1466579
1401044
1401051
1368288
1368289
1368292
1302757
1171693
1270003
1237237
1335544
1401093
1368334
1237266
1106194
1171732
1237268
1433898
1237293
1368369
942386
1368376
1302846
1007944
1368396
1040718
1368400
1302865
778578
1270100
1401176
1270105
1270108
1368412
1302879
1335647
1401187
647526
1302889
1007980
1171821
876910
876911
1270125
1302903
975223
1171833
1139072
975234
1368451
1171843
1433993
1270153
1335691
1237389
1302926
1171861
1204629
1139095
1237398
844185
1139097
1368474
1073557
1139104
1139106
1335714
1139111
1204650
1401259
1237419
1237424
1368499
1204660
1335732
1270208
1401287
1368520
1237458
1270226
1335765
1368534
1335772
942561
1335779
1073650
1401336
1434105
1270273
1171969
1401352
1335818
1270283
1073676
614933
1204757
1237527
1270301
1401374
877087
1270304
1237537
1270302
1139236
1303076
1139238
1303077
1237550
1368623
1270320
746036
1139254
1237569
1303106
1106501
1270342
1073735
1270343
1237579
1237582
1270360
1303134
1466974
1106527
1008226
1401443
1172072
1401450
1270378
1073773
1270384
1237618
516729
1303162
1172091
1434238
1270400
1172097
1204866
1270402
1237635
549509
1237638
1237640
1434250
1270410
1335955
1204884
975511
811677
1270432
1204906
975536
1204914
1139383
1270460
1073853
975554
1303236
1303238
1368785
1270481
1401559
1336025
1303259
1467112
1368813
1336046
1303284
1008376
1532673
1401601
1172228
1172229
1204998
1172234
1139467
1237772
1041165
1303308
1303315
1172244
1368854
1008409
1106713
1303327
1172255
1336097
1401633
1368867
1303333
1303336
1336112
1336113
1237810
1106739
1008437
1368889
877375
1434432
1368895
582473
1008458
1237835
1336138
1303388
1401694
1205088
1041248
1270634
1139566
1172335
877426
1401725
1074054
1303438
1237902
1303441
1401745
1368983
1237912
1270683
975773
1336221
1270687
811941
1303467
1303474
582578
1139636
1336251
1041348
1369029
1467338
451530
1270732
1336282
1369052
1303517
1237983
1205220
1369064
1270762
1369068
1041390
1336305
1369074
1369080
1008633
1369083
1303550
1139713
1369094
1238031
1303572
1336341
1172503
1008664
1172507
1303581
1238046
1336352
1303585
1303594
1434670
1205297
1336369
1336370
1205301
1172533
1401911
1336375
1434683
1336380
1172547
1172551
1369167
1336399
1008723
1303639
1369180
1336414
1270880
1270884
1270885
1008742
1467493
1139817
1238121
1303660
1041517
1107054
1238127
1238130
1139829
1172604
1270913
1238148
1303686
1205386
910476
1303692
1369233
1172626
1270929
1336466
1238166
1238167
1369240
1270939
1008795
1238179
1139878
1238182
1172648
1205423
1008816
1336501
1238200
1107128
1270970
1336510
713919
1139904
1139911
1238217
1369291
1041613
1172696
1205465
1369310
1139937
1336546
1336552
1238253
1303793
1205490
1369330
1369331
1238258
1139954
1303797
877817
1205497
1369343
1467648
1303808
1303812
1336583
1238283
1434892
1238284
1205520
1369360
943377
1369363
943379
1172757
1369366
1205525
1336596
779537
943397
1336614
1140017
1369393
1500467
943414
1008953
1336636
1369410
1303875
1369414
1434955
1369420
1271124
1238358
1402203
1336669
1402206
1336672
976226
1533284
1303909
1271149
1402221
1500530
1303923
1140100
1303942
1271175
1336724
1402265
1172892
1402269
1336735
1238442
1303983
1402288
1238451
1402293
1238457
1336762
1369531
1336764
1336766
1369535
910784
1304001
1336767
1271232
1238472
1435082
1271243
1205709
1238480
1500625
1369554
1271256
1238488
1369566
1140191
1271270
1304039
1271274
1467894
1402359
1369595
1304060
1369596
1140222
1336835
1369605
1336841
1369614
1271314
1140243
1336851
1205780
1369630
1336863
1074727
1205801
1304106
1402410
1304109
1238576
1304113
1205810
1369654
1336895
1304133
1205834
1238603
1074764
1369679
1205845
1402454
1336927
1369700
1304165
1336933
1369704
1304168
1336938
1336941
550513
1140346
943745
1304194
1042049
1369733
1369735
1369737
1336969
1173134
1336979
1336985
1205925
1271474
1402549
1402550
1304249
1238719
976576
976584
1402582
1271511
1337047
1304281
1304282
1238746
1369823
1271528
1402609
1500917
1238777
1304321
1369863
1435405
1337103
1337116
1533725
1369888
1435425
1435428
1271589
1337133
1304366
1369902
1304367
1337136
1369907
1369911
1206077
1566528
1402694
714567
1402695
1206089
1206091
1271630
1206097
1369938
1369941
1304409
976734
1271653
1337192
1369964
1369965
1304429
1238893
1337209
1304445
1304451
1369988
1566603
1107852
1533849
714650
1304474
1206174
1271713
976803
1140648
1304488
1337258
1238956
714669
1370030
1206191
1238965
1370041
1435579
1206211
1337291
1173455
845781
976854
1304533
1173466
1271771
1337309
1075177
1140721
1042419
1206264
1239035
1337341
616446
1239038
1140738
1468420
1468427
1107979
878607
1009679
1370127
1304594
1173522
1402901
1402902
1304606
1402915
1337380
1009701
1304616
1239083
1370162
1337395
1337397
1337399
1370168
1337401
1337402
1140794
1337404
1370184
1370186
1239119
1239127
1239131
1271899
1337447
1304681
1239146
1370221
1140847
1009784
1403003
1271951
1271954
1173652
1271958
1271960
1206429
1271970
1075365
1206437
1140905
1337516
1403055
1403065
1075386
1304761
1403080
1370321
1239251
1403095
1042650
1403100
1239264
1042657
1173733
977135
944368
1304820
977150
1337599
977156
1370373
1239303
1239306
1239314
1337621
1337624
1468709
1337640
1304880
1337650
1272117
1468725
1370424
1206589
1272131
1370438
1337672
1337673
1337676
1403213
1337677
1370447
1337679
1272146
1239382
1206617
1337689
1337693
977246
1272160
977255
1403242
977262
1141102
1108336
1304942
1206642
1304951
977274
1337723
1468801
1108354
1337731
1239426
1141126
1141132
1304973
1272206
1403281
1108370
1370520
1403288
1337752
1239456
1141155
1239468
1239469
1239470
1305009
1370547
977331
1239479
1305016
1239481
1337786
1468860
1141182
879041
1239490
1337793
1305029
1403333
1305033
1272266
1272268
1239500
1239506
1305043
1370580
1305045
1370582
1239511
715218
1403348
1370587
1075676
1272285
1042912
1272300
1010161
1141233
1370610
1468922
1370626
1174024
1174029
1370641
1436178
1141269
1501726
1337892
1337898
1305133
944689
911926
1239609
1075772
977470
1305152
1305155
1534532
1141320
1337929
1075789
1370702
1370709
1108566
1370711
1337945
1370721
1141346
1075810
1174116
1305193
1305194
1337970
1272440
1403513
1337978
1305212
1305215
1337986
1337990
748167
1403527
1403530
1337994
977548
1337997
1239693
1272462
1501854
912032
1272480
1501863
1272489
1305259
912044
813743
1534647
1174200
1370809
1501879
1305281
748230
1305291
1206989
1305295
1174246
1534695
1501932
846573
1305325
1338096
1174259
1338100
1174260
617209
1338106
1403644
1469181
1272572
1305353
1403665
1239829
1403672
1239837
1403678
1239838
1239841
1207074
1403685
650035
879412
1207093
1239865
1338178
1272644
1436493
1239888
1207123
1305433
1239898
1239897
1108828
1338207
1272676
1239908
682856
1043311
1305459
1272695
1371002
1371007
1371008
1076101
1371022
1371030
1272730
1371044
1502116
1010600
1108906
1371052
1076142
1338291
1272756
1239991
1338295
1305533
1272769
1338306
1305540
1305542
1305543
1174481
1174487
1371101
1141725
1272801
1305575
1534953
1338347
1371116
1371118
1338351
1305587
1469428
1108988
1174527
1305602
1371146
519182
1371150
1076241
1272857
1502243
1272868
977956
977959
1305642
1403954
1403957
1272888
1272890
1174588
1338432
1403969
1371206
1338439
1207380
1338461
1305696
846947
978027
1535085
1305712
1305714
1272948
1404020
1436790
978040
1305721
1535097
1436792
1240188
1338491
1305727
1305728
912513
1338498
1338499
1272965
1338515
1207447
1272984
1469591
1240224
1272998
978090
1469611
1273005
715949
1273008
1469617
978102
1469623
1469626
1305787
879805
1273024
1240263
1207501
1109202
912600
1174748
1240287
1305830
1469678
748783
1436911
1436914
1535220
1338614
814337
1273090
1338629
1109255
1338631
912649
1305868
1043725
1043758
1207602
1338678
1109306
1371457
1273156
1207622
1568072
1142091
1076555
1011020
1338704
1142101
1207637
1240409
1371481
1273180
1338721
1338722
879972
1240422
1305958
1273196
1240429
1142133
1273207
1371518
1371522
1011082
1371534
1469839
1371536
1273232
1305999
1240463
1371540
1404313
1240475
1109406
1043870
1404320
1142178
1306021
1371557
1404328
1338793
1207722
1338796
1371569
1338810
1043899
1404348
1043905
1109443
1371589
1338825
1306061
1437134
1273295
1404367
552398
1338831
1240533
1371610
1404380
1273311
1240546
1076708
1404394
1273328
1469939
1338868
1338869
1371644
1175038
1207807
1371649
1142275
1371662
1240592
716309
1207830
1338908
1306144
1338913
1240608
1175075
1240614
1175086
1240625
1207858
1306161
1175092
1338933
1175094
1109558
1306165
1306169
1306166
749116
1240638
1338944
1338952
1371727
749140
1207898
1371738
1306205
1240675
1470051
716387
1273448
1404522
945771
1175147
1371763
1175156
1175161
1240700
1175165
1273470
1273469
1273472
1306241
1568392
1273482
1371789
1273487
1306256
1273492
945813
1371798
978582
1240735
978592
1240738
1240739
1109673
1240746
1371832
1175229
1306301
1339070
1240773
1306312
1208013
1502927
1109711
1404627
1371861
1371863
1208024
1339097
1142493
1437406
1306337
1273576
1273580
1142518
1273597
1339134
1240833
1502977
1240834
1306372
1240837
1404679
1339149
1404687
1339153
1109778
1044244
1339156
1339158
1404694
1437467
1371933
1142559
1339172
1273640
945961
814889
1339181
1437493
1175351
1011516
1306431
1306434
1208130
1208134
1437512
1306443
1339213
1208142
1273678
1273680
1077072
1339218
1371993
1240921
1371996
1339229
1240927
1240928
913247
1208159
1306467
1339238
1240935
1339243
978796
1306476
1306482
1339251
1306486
1372027
1372028
1175421
1077120
1404800
1273730
1175425
1372032
1470338
1240962
1077127
1273736
1404811
1404813
1437586
1339283
1339286
1372059
1372069
1044391
1306538
1306542
1175470
978865
1109940
1241013
1273782
1273783
1109946
1273786
1306556
1339322
1404859
1241023
1339327
618438
1208284
1306592
1372129
1273835
1273844
1306613
1339383
1273847
1175543
1372154
1175548
1535997
1241085
1273863
716808
1077263
1404948
1273877
1372184
1273881
1142820
1273896
1404969
1142827
1568828
716869
1437765
1044552
1273930
1044555
1077328
1273936
1273938
1339475
1405019
618588
1241179
1273950
1273951
1241186
1339493
979050
1241198
1306735
1208442
1339518
1241217
1306764
1241231
1372313
1372317
1208487
1208491
651439
1208496
1241276
1372348
1274047
1274049
1044677
1011911
1339592
1405129
1241287
1405133
1339604
1339606
1274072
1437915
1339613
1274078
1405156
1241317
1372390
1241320
1372393
1143019
1339627
1208561
1405170
1339637
1503478
1339641
1306876
1339646
1143041
1405185
1306882
1044741
1339654
1208588
1306893
1011985
1372435
1339668
1503512
1405211
1372447
1274146
1405223
1306921
1306922
1503531
979250
1339702
1241399
1241405
1274173
1438021
1405264
1372497
1241426
1274194
1306961
1241429
1143128
1405276
1339745
1339746
848225
1339748
1241447
1339752
1274217
1077616
1110390
1077627
1372540
1274237
1274238
782718
1208704
1274241
1241475
1241476
1307013
1339787
717196
1241486
1208720
1339793
1307025
1339795
913812
1307028
1307027
1536408
1175961
1339803
1372572
1241501
1503646
1372574
1274276
1307051
1307054
1274292
1208756
1405374
1077696
1372609
1077698
1241536
1372611
1274311
1339853
1307088
1339856
1339859
1405395
1405401
1208795
1307099
1274338
1339877
1208808
1012201
1241583
1339888
1307123
1077748
1307127
1241592
1372665
1339898
1536507
1274362
1339902
1143295
1208831
1372673
1405439
1339907
1339908
1339912
1536521
1307147
979473
1307154
1208850
1307157
1077782
1372700
1438244
1307178
1405483
1274410
1241651
1372723
848439
1274428
1536576
1536578
1176130
1208900
1274436
1536583
1110599
1339975
1241674
1339982
1536591
1372756
1339989
1274463
1405535
1340007
1241707
1405549
1274480
586353
1241720
1405562
1372795
1176192
1241730
1176196
1143431
1405576
586378
1012363
1405579
1208971
1241742
1241743
1307278
684689
1372815
1241748
1077910
1241750
1241752
848538
1241755
1307293
1405599
1208994
1307300
1208997
1110696
1209004
651949
1340078
1274549
1372858
1372862
1241792
1340105
1405647
1471187
1143508
881366
1503959
1372887
1372897
1209058
1307363
1471215
1176304
1274617
1078009
1241851
1340156
1438461
1274623
1307394
1372931
1405700
1307398
783111
1307400
1340168
1241864
1340173
1372942
1143567
1372953
914206
1372965
1241894
914215
1209130
1241899
1176362
1241904
1241905
1372977
1274675
1241915
1372988
1405758
1241918
1274686
1078082
914243
1340233
1241933
1373015
1241943
1536857
1373021
1438562
881517
1241965
1274736
1241978
1471356
1241980
1241982
1209215
1274748
1209217
1274753
1405826
1471367
881544
1405836
1209230
1405842
1274775
1340312
1373082
1045405
1340319
1242018
1405860
1373092
1340331
1340332
1274802
1307579
1307580
1242045
1373118
1209285
1209288
1209290
1242059
881614
1373136
1340369
1504210
1045465
1045467
1373150
1307615
1340389
1340390
1078249
1143790
1438710
1176574
1274886
881680
1373206
1274911
1373216
1340449
1274914
652319
1373224
1274925
1406000
1307700
1307706
1209403
1569855
1143873
1143875
1209412
1209420
1274956
1209423
1242191
1307727
1242198
1307739
1078374
1176683
1340525
1406062
1406067
1274998
980088
1406074
1275003
914557
1406079
1176717
1275025
1307794
1340562
1242260
1307795
980115
1143959
1307799
1340569
1340570
1340563
1340572
1176733
1340575
1340577
1373355
1275052
1275051
1340590
1307823
1275062
1340602
718014
1340613
1471690
1373389
1275089
1340628
1340629
1209558
1275096
1275099
1078495
1209574
1406189
1144047
1275123
1373428
1242357
1242366
1111295
1242372
1307909
1045770
1242381
1340686
1176848
1242384
1242387
1307923
1242388
947478
1242390
1242392
1242394
1242395
1242397
1209633
1275174
1406249
1406250
1406252
1275182
1307958
947512
1242427
1406275
1373510
980296
1275209
1045842
1340758
1340761
1340769
1340770
1340774
1275240
1504618
1340779
1439087
1308015
1373554
1275260
1275261
1242494
1340797
1242502
882059
1373585
1242515
1340826
1340828
1373598
1242526
1013154
1308067
1209764
1373602
1275302
1209770
1045931
1209772
1406379
1144235
1406391
1308091
587196
1111487
1242565
1504712
1340872
1340878
1209809
1340881
1078744
947674
1242586
1242590
1537506
1340899
1275367
1275369
1078763
1406447
652784
1275377
1373684
1177076
1373687
1242615
1340922
1013247
1340929
1242627
1242628
1177096
1230430
1242638
1242639
1308174
1242641
1340945
1373713
1242644
1078806
1078810
1373728
980517
1308200
1340969
1308202
947763
1406518
1308221
1275457
1275458
1340994
1340996
1177157
1275462
1078860
1242700
1242702
1341012
1242709
1242712
1242716
1242721
849509
1242726
1046120
1308268
1242734
980599
1242744
1373815
1341048
1341050
1242748
1341049
1275519
1275520
1275522
1242755
1177224
1242765
1275536
1406609
1308310
1341078
1373852
1013406
1275550
1177250
1308323
1046183
1504935
1308330
1308331
1308333
1308334
1078959
1308336
1242801
1373873
947891
1341118
1341119
1210047
1275585
1341122
1341123
1373893
1341136
1242833
1242837
1275606
1177304
784097
1242850
1275618
1308388
1406697
1308394
1472235
1308398
1210096
1111794
1242886
1177354
1537809
1373970
1373981
1373987
1308454
1341222
1275686
587563
1242928
1111857
1079091
816949
1308472
1275707
1111869
1111873
1275715
1210184
1242952
1079114
1242954
1275724
1341258
1275733
1242971
1341280
1406816
1144681
1111930
1243008
1341313
1308546
1505153
1275781
1341323
1275790
1275792
1374099
1472406
1505176
1374121
1341355
1406897
1406900
1308599
1341376
1210309
1079244
1308623
1505235
1243093
1308631
1308632
948184
1079259
1505244
1177565
1308636
1308641
1210338
718821
1308653
1243118
1275892
1243124
1275897
1275899
1374205
1341438
1275903
1341437
1013764
1341448
1210377
1210378
1406987
1079310
1079311
1013776
1079314
1177623
1243165
1275935
1243169
653346
1407011
1341476
1243171
1275945
1243177
1570859
1112108
1341486
1210414
1374256
1243182
1243186
1079346
1177652
1341493
1275964
1308734
1308738
981063
1308746
1275980
1144911
1275983
1341521
1308757
1374294
1341528
1407065
1013850
1374298
1275995
1243230
1275998
1210466
1276003
1276005
1013869
1276013
1374319
1374317
1374318
1276026
1276031
1276035
1144965
1308807
1276050
1276051
1308821
1374358
1112215
1374360
1308824
1276059
1243293
1472673
1374384
1243316
1374389
1276086
1276089
1079482
1407162
1374395
1079485
1145031
1276108
1013966
1243348
1276116
1374428
1276125
1341668
850150
1276135
1374439
1308907
1407214
1276145
1243381
1341685
1276156
1308927
1276160
1210627
1276169
784651
1308943
1374485
1374490
1407261
1341729
1407265
1243435
1276207
1276210
1374514
1177911
1177916
948549
1243463
1341770
1309009
1276242
1407315
1374550
1505629
1374558
1276255
1276254
1243485
1341796
1309029
1276262
1243494
1276265
1112426
1276269
1407342
1243508
719221
1276277
1046901
1374584
1407353
1243521
1309064
1374604
1046924
1407374
1112466
1341860
1341862
1407400
1341865
1210794
1440174
1276338
1243571
1407410
1046965
1341879
1014209
1014214
1178069
1210841
1374683
1407452
1407454
1374695
1309159
1309163
1047020
1112555
1112559
1407473
1309172
1309174
1374713
1243650
1079810
1374725
1341964
1276429
1276437
1276439
1341982
1309219
1374758
1276455
1276462
1374769
1374774
1112637
1374784
1374787
1374793
1473097
1374800
1374801
1309264
1374805
1374811
1276508
1210973
1210989
1276527
1210993
1374833
1374847
1145474
1145479
1374858
1440396
1342097
1505938
1276567
1374875
1342107
1309344
1342114
1309349
1538730
1309355
1309361
1243828
1342137
1211067
1047227
1276610
1276623
1211087
1276633
1342179
1014505
1211117
1309422
1276656
1309428
1243894
1243895
850683
1309438
1276674
1309445
1145608
1538825
1243914
1374987
1407753
1178381
1309465
1342234
1276699
1506074
1276703
1375008
1407778
1276707
1243940
1375013
1473320
1211177
1342250
1047341
1407798
1342267
1342268
1014590
1243967
1407810
1243975
1375049
1309514
1407817
1047373
1243981
1407822
1178451
1375061
1342297
1276765
1243997
1211233
1276770
1276771
1244003
1211237
1342307
588648
1309544
1276778
1244009
1276799
1014661
1244039
1276808
1407889
1276825
1178521
1244061
1244064
1309610
1211307
1440686
1309614
1276849
1309619
1309622
1211319
1080249
1080252
1342400
1342402
850888
1178574
1145807
1244112
1309650
1309652
1309653
1375193
1309659
1244124
1244125
1276897
1014757
1407977
1276908
1309676
1113071
1276913
359410
1276916
1145845
1342461
1342462
1145857
1375239
1342475
1408013
1276945
1276948
785429
1211414
1211415
1375252
1113120
1276964
1408036
1309745
1178677
1408054
1178684
1178686
1309759
1047619
1276995
1408070
1375302
1309769
1309770
1309774
1211472
1244244
1178713
719968
916588
1375343
1309809
1375349
1211514
1309819
1408126
1309826
1277058
785542
687238
1375368
1113224
752779
1178764
1375372
1113231
1146005
1375382
1375396
1277095
1375402
1277101
1408180
982202
1244347
1375422
1080512
1309890
1244361
1408203
1244370
589018
1309918
1277152
1277155
1309923
1277162
949484
1309934
1277170
916723
1277172
916728
1408248
1277180
1309953
1211650
1375489
1047816
1309965
1375504
1408279
1309978
1539355
1408288
1441065
1309997
1244463
1244475
1211716
1244487
1211722
1277258
1244492
1080658
1244503
1310042
1211739
1375580
1211738
1310047
1277284
1310052
1047917
1375599
1277296
1375608
1113466
1146239
1441153
1146246
1244556
1244561
1375635
1146263
1244568
1244570
1211803
1113505
1310116
1441188
1375655
884139
1211825
1375672
720321
1277381
1244617
949709
1277391
1310164
1310169
1375712
1080808
1113583
1441266
1408502
1375734
1211898
1211903
1375750
1277455
851476
1244693
1211932
1375774
1244705
1146410
982573
1277486
1310259
1211957
1244729
1375818
1244749
1375825
1244756
1277528
1277529
1179231
1212000
1375842
1080933
1212009
1506922
1408622
1310318
1310321
1244810
1375888
1277585
1277587
1179283
1277594
1244833
1375905
1310372
1441444
1212073
818861
1506990
1048241
1081012
1179316
1081015
1212088
1146556
1244869
1539783
1244872
1244876
1244877
1244880
1244881
1375954
1146577
1244887
1310428
1113826
1277668
1277675
1441518
1015539
1408756
1146613
1081077
1212149
1375993
1179389
1376000
1277697
1310465
1244933
1376005
1244940
1146636
1244956
1539875
1081124
1146661
1310502
1277735
1310504
1212199
1441575
1081131
1277738
1310509
1212205
1539883
1310512
1310508
1212211
1277750
950075
1376070
1015623
1212231
1212233
1245006
1212238
950096
1212240
1015634
1277778
1277783
1277793
1376097
1376102
1376103
1310567
1277804
753522
1376121
1179521
1310593
1277831
1277835
1310607
1114002
1507219
1408916
1277845
1310611
1376151
1507229
1245087
1212325
1310631
1310634
1245103
1245112
1408955
1245115
1310661
1310664
1245131
1310671
1310672
1310682
1277923
983012
1081319
1441780
1277942
917496
655354
1409020
